,,denominazione_regione,,,43885,43886,43887,43888,43889,43890,43891,43892,43893,43894,43895,43896,43897,43898,43899,43900,43901,43902,43903,43904,43905,43906,43907,43908,43909,43910,43911,43912,43913,43914,43915,43916,43917,43918,43919,43920,43921,43922,43923,43924,43925,43926,43927,43928,43929,43930,43931,43932,43933,43934,43935,43936,43937,43938,43939
1,1311580,Abruzzo,42.35122196,13.39843823,0,0,0,0,0,0,0,0,0,0,0,0,0,0,0,1,1,2,2,2,3,4,6,7,11,17,22,33,38,46,52,63,68,76,88,102,115,123,133,146,153,158,169,172,179,194,198,206,212,224,232,240,243,246,253
2,562869,Basilicata,40.63947052,15.80514834,0,0,0,0,0,0,0,0,0,0,0,0,0,0,0,0,0,0,0,0,0,0,0,0,0,0,0,0,1,1,1,1,3,3,4,5,7,9,10,11,11,13,13,14,14,15,15,17,18,18,19,21,22,22,23
3,1947131,Calabria,38.90597598,16.59440194,0,0,0,0,0,0,0,0,0,0,0,0,0,0,0,0,0,0,0,0,1,1,1,1,3,4,5,8,7,10,11,14,18,21,25,31,36,38,41,45,49,56,58,60,60,61,65,66,66,67,68,71,72,73,73
4,5801692,Campania,40.83956555,14.25084984,0,0,0,0,0,0,0,0,0,0,0,0,0,0,0,0,1,1,2,6,9,9,9,9,17,17,22,29,49,56,74,83,98,109,117,125,133,148,167,181,186,189,204,216,221,227,231,238,242,248,260,278,286,293,300
5,4459477,Emilia-Romagna,44.49436681,11.3417208,0,0,1,1,2,4,8,11,18,22,30,37,48,56,70,85,113,146,201,241,284,346,393,458,531,640,715,816,892,985,1077,1174,1267,1344,1443,1538,1644,1732,1811,1902,1977,2051,2108,2180,2234,2316,2397,2481,2564,2615,2705,2788,2843,2903,2965
6,1215220,Friuli Venezia Giulia,45.6494354,13.76813649,0,0,0,0,0,0,0,0,0,0,0,0,0,1,1,3,6,8,10,13,14,22,30,31,36,38,42,47,54,64,70,72,76,87,98,107,113,122,129,136,145,154,158,164,169,171,179,185,195,202,206,212,217,220,222
7,5879082,Lazio,41.89277044,12.48366722,0,0,0,0,0,0,0,0,0,0,0,1,1,3,5,6,6,9,11,13,16,19,23,32,38,43,50,53,63,80,95,106,118,124,136,150,162,169,185,199,212,219,229,238,244,253,263,273,279,284,300,311,316,332,340
8,1550640,Liguria,44.41149315,8.9326992,0,0,0,0,0,0,0,0,1,1,3,3,4,6,7,8,8,11,17,27,33,50,60,73,91,119,152,171,212,231,254,280,331,358,377,397,428,460,488,519,542,556,595,620,654,682,709,734,749,760,793,807,828,866,897
9,10060574,Lombardia,45.46679409,9.190347404,6,9,9,14,17,23,24,38,55,73,98,135,154,267,333,468,617,744,890,966,1218,1420,1640,1959,2168,2549,3095,3456,3776,4178,4474,4861,5402,5944,6360,6818,7199,7593,7960,8311,8656,8905,9202,9484,9722,10022,10238,10511,10621,10901,11142,11377,11608,11851,12050
10,1525271,Marche,43.61675973,13.5188753,0,0,0,0,0,0,0,1,2,4,4,4,6,7,10,13,18,22,27,36,46,57,69,92,115,137,154,184,203,231,287,310,336,364,386,417,452,477,503,557,574,599,612,630,652,669,682,689,700,713,728,746,764,785,795
11,305617,Molise,41.55774754,14.65916051,0,0,0,0,0,0,0,0,0,0,0,0,0,0,0,0,0,0,0,0,0,1,1,1,2,5,7,7,7,8,8,8,9,9,9,9,9,10,11,11,11,13,13,13,13,13,13,14,15,15,15,15,16,16,16
12,531178,P.A. Bolzano,46.49933453,11.35662422,0,0,0,0,0,0,0,0,0,0,0,0,0,0,0,0,0,1,2,3,5,6,8,9,14,17,20,23,29,38,43,48,60,64,64,74,76,116,129,139,146,158,164,174,183,187,191,200,205,212,214,223,225,234,239
13,541098,P.A. Trento,46.06893511,11.12123097,0,0,0,0,0,0,0,0,0,0,0,0,0,0,0,0,0,1,2,2,6,6,7,7,12,13,28,35,41,56,74,86,102,120,129,147,164,173,187,204,210,217,230,244,255,268,275,284,293,300,310,318,322,342,348
14,4356406,Piemonte,45.0732745,7.680687483,0,0,0,0,0,0,0,0,0,0,2,4,5,5,13,17,21,26,46,59,81,111,133,154,175,209,238,283,315,374,449,449,569,617,684,749,854,886,983,1043,1128,1168,1251,1319,1378,1454,1532,1633,1729,1826,1927,2015,2094,2171,2252
15,4029053,Puglia,41.12559576,16.86736689,0,0,0,0,0,0,0,0,0,1,1,1,2,3,3,3,5,5,5,8,16,16,18,19,25,26,29,31,37,44,48,65,69,71,86,91,110,129,144,164,173,182,195,209,219,225,238,253,260,267,278,288,299,307,314
16,1639591,Sardegna,39.21531192,9.110616306,0,0,0,0,0,0,0,0,0,0,0,0,0,0,0,0,0,0,0,0,2,2,2,2,2,2,4,7,11,15,18,19,21,26,27,28,31,34,40,41,41,43,47,52,59,64,69,73,73,75,80,83,85,86,86
17,4999891,Sicilia,38.11569725,13.3623567,0,0,0,0,0,0,0,0,0,0,0,0,0,0,0,0,0,2,2,2,2,2,3,3,4,4,6,8,13,20,25,33,39,57,65,76,81,88,93,101,111,116,123,125,133,138,148,154,163,171,175,181,187,190,196
18,3729641,Toscana,43.76923077,11.25588885,0,0,0,0,0,0,0,0,0,0,0,0,0,0,1,1,1,5,5,6,8,14,17,22,38,47,72,91,109,129,142,158,177,198,215,231,244,253,268,290,307,325,350,369,392,408,454,467,495,518,538,556,585,602,618
19,882015,Umbria,43.10675841,12.38824698,0,0,0,0,0,0,0,0,0,0,0,0,0,0,0,0,0,0,1,1,1,1,1,2,2,7,10,16,16,19,19,20,21,28,31,33,37,37,38,39,41,43,44,49,50,51,52,52,52,52,53,54,55,57,57
20,125666,Valle d'Aosta,45.73750286,7.320149366,0,0,0,0,0,0,0,0,0,0,0,0,0,0,0,0,1,1,1,1,1,2,2,3,6,7,8,9,12,19,24,28,37,41,43,50,56,59,63,70,82,91,96,100,102,105,107,107,112,115,118,121,122,123,124
21,4905854,Veneto,45.43490485,12.33845213,1,1,2,2,2,2,2,2,3,6,10,12,13,18,20,26,29,32,42,55,63,69,80,94,115,131,146,169,192,216,258,287,313,362,392,413,477,499,532,572,607,631,662,695,736,756,793,831,856,882,906,940,981,1026,1059